,Momentum,Quality,Value,LowVol,Alpha,Nifty
Momentum,1.0,0.774,0.773,0.288,0.908,0.845
Quality,0.774,1.0,0.817,0.474,0.728,0.856
Value,0.773,0.817,1.0,0.226,0.733,0.891
LowVol,0.288,0.474,0.226,1.0,0.277,0.278
Alpha,0.908,0.728,0.733,0.277,1.0,0.799
Nifty,0.845,0.856,0.891,0.278,0.799,1.0
