====================================================================================================
MULTIPLE-TESTING HAIRCUT  (Westfall-Young max-t, 5000 day-bootstraps, 14 Fridays)
====================================================================================================
NIFTY   SL20    cells=110   observed max|t(excess)| = 6.25  (14:30 60)   null 95% max|t| = 7.43   family-wise p = 0.100  -> NOT SIGNIFICANT
NIFTY   NOSTOP  cells=110   observed max|t(excess)| = 6.20  (14:30 60)   null 95% max|t| = 7.47   family-wise p = 0.099  -> NOT SIGNIFICANT
SENSEX  SL20    cells=110   observed max|t(excess)| = 3.54  (09:35 120)   null 95% max|t| = 6.98   family-wise p = 0.423  -> NOT SIGNIFICANT
SENSEX  NOSTOP  cells=110   observed max|t(excess)| = 3.69  (09:35 HOLD)   null 95% max|t| = 6.56   family-wise p = 0.352  -> NOT SIGNIFICANT

====================================================================================================
SURFACE - NIFTY SL20 : mean NET Rs/lot per Friday (n=14)   [ | mean MAE Rs/lot ]
====================================================================================================
start                45              60              90             120            HOLD
09:20        -487|  774      -442|  926      -247|  926      +146|  926      +543| 1849
09:35         -50|  344       +98|  344      +333|  345      +572|  345      +756| 1297
09:50         -22|  272       +89|  295      +332|  300      +434|  300      +582| 1404
10:05         -58|  311       +47|  323      +245|  341      +280|  353      +162| 1937
10:20         +28|  252      +155|  262      +209|  314      +299|  367      +143| 1957
10:35         +17|  207       +74|  234      +187|  261      +117|  486       -79| 1785
10:50        -101|  332       -49|  349       +72|  366        +6|  585       -23| 1868
11:05         -34|  166       +53|  170        +4|  381       +33|  462       -59| 1902
11:20         -90|  185       -19|  223      -263|  454      -193|  592        +0| 1852
11:35        -141|  232      -166|  408      -186|  481      -184|  627       -53| 1838
11:50        -159|  279      -305|  351      -248|  505      -377|  853       -47| 1656
12:05        -394|  355      -217|  400      -186|  566      -554|  932       -93| 1653
12:20        -258|  373      -326|  488      -595|  945      -501| 1077       -73| 1730
12:35        -227|  299      -197|  372      -541|  802      -183|  974        +8| 1537
12:50        -233|  301      -519|  750      -336|  924      -361| 1265       -76| 1654
13:05        -594|  647      -690|  747      -394|  982      -278| 1512       -88| 1556
13:20        -542|  638      -421|  820      -496| 1187        -1| 1501        -1| 1501
13:35        -340|  654      -335|  732       -66| 1111       +80| 1146       +80| 1146
13:50        -164|  440      -327|  637      +250|  818      +250|  818      +250|  818
14:05        -240|  459       +71|  620      +369|  653      +369|  653      +369|  653
14:20          +1|  546      +272|  584      +272|  584      +272|  584      +272|  584
14:30        +142|  486      +232|  486      +232|  486      +232|  486      +232|  486

====================================================================================================
SURFACE - NIFTY NOSTOP : mean NET Rs/lot per Friday (n=14)   [ | mean MAE Rs/lot ]
====================================================================================================
start                45              60              90             120            HOLD
09:20        -487|  774      -442|  926      -247|  926      +146|  926      +799| 1849
09:35         -50|  344       +98|  344      +333|  345      +572|  345      +926| 1297
09:50         -22|  272       +89|  295      +332|  300      +434|  300      +724| 1404
10:05         -58|  311       +47|  323      +245|  341      +280|  353      +185| 1937
10:20         +28|  252      +155|  262      +209|  314      +299|  367      +166| 1957
10:35         +17|  207       +74|  234      +187|  261      +117|  486       +73| 1785
10:50        -101|  332       -49|  349       +72|  366        +6|  585       -15| 1868
11:05         -34|  166       +53|  170        +4|  381       +33|  462       -51| 1902
11:20         -90|  185       -19|  223      -263|  454      -193|  592       -33| 1852
11:35        -141|  232      -166|  408      -186|  481      -184|  627       -86| 1838
11:50        -159|  279      -305|  351      -248|  505      -377|  853       +41| 1656
12:05        -394|  355      -217|  400      -186|  566      -554|  932       -13| 1653
12:20        -258|  373      -326|  488      -595|  945      -521| 1077      -137| 1730
12:35        -227|  299      -197|  372      -546|  802      -298|  974       -61| 1537
12:50        -233|  301      -569|  750      -458|  924      -709| 1265      -281| 1654
13:05        -594|  647      -708|  747      -523|  982      -674| 1512      -361| 1556
13:20        -579|  638      -479|  820      -758| 1187      -293| 1501      -293| 1501
13:35        -340|  654      -323|  732      -240| 1111       +21| 1146       +21| 1146
13:50        -164|  440      -327|  637      +250|  818      +250|  818      +250|  818
14:05        -240|  459       +71|  620      +369|  653      +369|  653      +369|  653
14:20          +1|  546      +272|  584      +272|  584      +272|  584      +272|  584
14:30        +142|  486      +232|  486      +232|  486      +232|  486      +232|  486

====================================================================================================
SURFACE - SENSEX SL20 : mean NET Rs/lot per Friday (n=14)   [ | mean MAE Rs/lot ]
====================================================================================================
start                45              60              90             120            HOLD
09:20        -153|  584      -188|  742       +35|  763      +391|  763      +256| 1904
09:35         +76|  295      +226|  300      +409|  360      +660|  360      +519| 1477
09:50         +47|  255      +134|  292      +423|  304      +449|  304      +159| 1657
10:05          +0|  338       +39|  358      +270|  360      +351|  360       +34| 1887
10:20         +43|  267      +261|  276      +270|  282      +347|  294       +44| 1881
10:35        +120|  202      +123|  242      +221|  256       +94|  477      -258| 1967
10:50         +27|  208       +34|  234      +130|  267       -16|  494      -213| 1856
11:05         +28|  144      +123|  162       +35|  377       +15|  474      -250| 1894
11:20         -93|  251       -97|  322      -321|  590      -326|  723      -373| 1972
11:35        -100|  248      -174|  426      -196|  530      -206|  724      -373| 1894
11:50        -164|  300      -294|  367      -283|  550      -373|  923      -283| 1730
12:05        -373|  380      -262|  445      -317|  674      -621| 1082      -442| 1845
12:20        -260|  384      -369|  517      -486|  962      -578| 1184      -225| 1796
12:35        -283|  413      -220|  504      -456|  944      -220| 1158       -68| 1678
12:50        -187|  384      -405|  744      -449| 1012      -365| 1394      -199| 1720
13:05        -450|  670      -599|  825      -309| 1064      -290| 1627      -242| 1673
13:20        -461|  636      -397|  809      -353| 1185      -144| 1439      -144| 1439
13:35        -365|  710      -315|  780      -181| 1198      -166| 1259      -166| 1259
13:50        -163|  555      -387|  808      -184|  988      -184|  988      -184|  988
14:05        -285|  562       -38|  655       +57|  699       +57|  699       +57|  699
14:20         -55|  532       +16|  578       +16|  578       +16|  578       +16|  578
14:30         +78|  544       -41|  545       -41|  545       -41|  545       -41|  545

====================================================================================================
SURFACE - SENSEX NOSTOP : mean NET Rs/lot per Friday (n=14)   [ | mean MAE Rs/lot ]
====================================================================================================
start                45              60              90             120            HOLD
09:20        -153|  584      -188|  742       +35|  763      +391|  763      +438| 1904
09:35         +76|  295      +226|  300      +409|  360      +660|  360      +468| 1477
09:50         +47|  255      +134|  292      +423|  304      +449|  304      +212| 1657
10:05          +0|  338       +39|  358      +270|  360      +351|  360       -50| 1887
10:20         +43|  267      +261|  276      +270|  282      +347|  294       -41| 1881
10:35        +120|  202      +123|  242      +221|  256       +94|  477      -307| 1967
10:50         +27|  208       +34|  234      +130|  267       -16|  494      -267| 1856
11:05         +28|  144      +123|  162       +35|  377       +15|  474      -255| 1894
11:20         -93|  251       -97|  322      -321|  590      -326|  723      -410| 1972
11:35        -100|  248      -174|  426      -196|  530      -206|  724      -375| 1894
11:50        -164|  300      -294|  367      -283|  550      -373|  923      -281| 1730
12:05        -373|  380      -262|  445      -317|  674      -621| 1082      -440| 1845
12:20        -260|  384      -369|  517      -486|  962      -561| 1184      -437| 1796
12:35        -283|  413      -220|  504      -456|  944      -262| 1158      -280| 1678
12:50        -187|  384      -405|  744      -485| 1012      -646| 1394      -488| 1720
13:05        -450|  670      -625|  825      -432| 1064      -715| 1627      -557| 1673
13:20        -461|  636      -406|  809      -596| 1185      -382| 1439      -382| 1439
13:35        -365|  710      -285|  780      -372| 1198      -263| 1259      -263| 1259
13:50        -163|  555      -387|  808       -50|  988       -50|  988       -50|  988
14:05        -285|  562       -38|  655       +57|  699       +57|  699       +57|  699
14:20         -55|  532       +16|  578       +16|  578       +16|  578       +16|  578
14:30         +78|  544       -41|  545       -41|  545       -41|  545       -41|  545

====================================================================================================
TOP CELLS BY EXCESS OVER SAME-DURATION ALL-START BASELINE (the honest ranking)
====================================================================================================

NIFTY SL20  (WY 95% crit |t| = 7.43)
  start  dur     net excess  t_exc  win%   worst meanMAE  p90MAE   und_bp     SL  nbrNet
  09:35  HOLD    756    633   2.66    79   -4078    1297    3852     55.3      2     455
  09:35  120     572    595   3.73    93    -448     345     936     26.0      0     360
  14:05  90      369    462   2.93    86   -1579     653    2122     32.6      0     179
  09:50  HOLD    582    458   2.19    71   -4144    1404    4095     56.1      2     441
  09:50  120     434    457   3.01    93     -68     300     551     23.0      0     408
  09:35  90      333    425   2.65    79    -770     345     936     25.7      0     123
  09:50  90      332    425   3.43    93     -52     300     551     21.1      0     262
  09:20  HOLD    543    419   1.25    71   -5853    1849    4268     56.6      2     491
  ...worst 3:
  12:20  90     -595   -502  -2.47    29   -3217     945    2628     27.9      0    -338
  12:05  120    -554   -531  -2.77    36   -2369     932    2194     31.7      0    -265
  13:05  60     -690   -547  -2.42    29   -3848     747    1344     27.2      1    -442

NIFTY NOSTOP  (WY 95% crit |t| = 7.47)
  start  dur     net excess  t_exc  win%   worst meanMAE  p90MAE   und_bp     SL  nbrNet
  09:35  HOLD    926    824   4.80    79   -4488    1297    3852     55.3      0     535
  09:20  HOLD    799    697   2.41    71   -3175    1849    4268     56.6      0     548
  09:35  120     572    653   3.48    93    -448     345     936     26.0      0     431
  09:50  HOLD    724    622   3.89    71   -4469    1404    4095     56.1      0     479
  09:50  120     434    515   2.70    93     -68     300     551     23.0      0     450
  14:05  90      369    496   3.42    86   -1579     653    2122     32.6      0     179
  09:35  90      333    460   2.65    79    -770     345     936     25.7      0     123
  09:50  90      332    459   3.16    93     -52     300     551     21.1      0     262
  ...worst 3:
  13:05  120    -674   -593  -1.00    57   -9396    1512    2922     44.2      0    -460
  12:50  120    -709   -628  -1.13    50   -8791    1265    2405     37.6      0    -400
  13:20  90     -758   -631  -1.33    36   -7358    1187    2741     35.1      0    -402

SENSEX SL20  (WY 95% crit |t| = 6.98)
  start  dur     net excess  t_exc  win%   worst meanMAE  p90MAE   und_bp     SL  nbrNet
  09:35  120     660    698   3.54    93    -631     360     856     27.6      0     330
  09:35  HOLD    519    639   2.94    71   -5169    1477    3726     59.2      1     383
  09:50  90      423    509   3.00    79    -187     304     698     22.4      0     317
  09:35  90      409    494   2.57    86   -1117     360     856     27.3      0     266
  09:50  120     449    486   2.44    86    -471     304     698     24.2      0     353
  09:20  120     391    429   1.91    71    -445     763    1517     35.3      0     376
  10:05  120     351    389   2.15    86   -1237     360    1016     27.1      0     250
  10:20  120     347    385   2.55    86    -178     294     586     28.1      0     128
  ...worst 3:
  13:05  60     -599   -475  -1.64    50   -4777     825    1708     28.0      1    -376
  12:20  120    -578   -540  -2.19    50   -4860    1184    2217     35.1      1    -354
  12:05  120    -621   -583  -2.96    43   -3182    1082    2646     33.2      0    -373

SENSEX NOSTOP  (WY 95% crit |t| = 6.56)
  start  dur     net excess  t_exc  win%   worst meanMAE  p90MAE   und_bp     SL  nbrNet
  09:35  120     660    751   3.30    93    -631     360     856     27.6      0     353
  09:35  HOLD    468    658   3.69    71   -5883    1477    3726     59.2      0     430
  09:20  HOLD    438    629   2.19    79   -5166    1904    6176     60.4      0     506
  09:50  120     449    539   2.33    86    -471     304     698     24.2      0     343
  09:50  90      423    537   2.84    79    -187     304     698     22.4      0     317
  09:35  90      409    523   2.53    86   -1117     360     856     27.3      0     266
  09:20  120     391    482   1.92    71    -445     763    1517     35.3      0     402
  10:05  120     351    442   2.10    86   -1237     360    1016     27.1      0     235
  ...worst 3:
  12:05  120    -621   -530  -2.93    43   -3182    1082    2646     33.2      0    -397
  12:50  120    -646   -556  -1.06    57   -8805    1394    2046     40.1      0    -459
  13:05  120    -715   -625  -0.93    50  -10732    1627    3260     46.5      0    -496

====================================================================================================
REFERENCE CELLS (what is actually deployed / proposed)
====================================================================================================
  venue   arm     start  dur     net excess  t_exc  win%   worst meanMAE  p90MAE
  NIFTY   SL20    09:20  HOLD    543    419   1.25    71   -5853    1849    4268   <- COMB-like full day
  SENSEX  SL20    09:20  HOLD    256    376   0.97    79   -6667    1904    6176   <- CSL30F full day
